packimg=1353
01
02
03
04
05
06
07
08
13
14
15
16
20
27
28
39
40
41
42
43
44
48
59
60
61
63
64
65
66
67
68
69
71
72
73
74
75
76
80
81
82
83
117
141
142
149
161
162
163
164
165
166
167
181
182
183
184
186
187
201
202
203
204
205
206
207
208
209
210
219
220
221
222
223
224
225
226
232
241
255
259
262
263
264
265
269
281
282
283
284
285
286
294
305
306
334
335
336
366
395
396
422
423
433
434
435
436
437
438
441
442
445
446
447
469
470
473
504
505
520
546
547
549
584
585
586
589
595
621
624
749
761
768
888
889
1219
1220
1339
1340
1341
1342
1343
1344
1345
1346
1347
1348
1349
1350
1351
1352
1353
1354
1355
1356
1357
1358
1359
1360
1361
1362
1363
1364
1365
1366
1367
1368
1369
1370
1371
1372
